Ts = 0.002;
N = 1000;
t = (0:999)*Ts;


